  -6.7501418e+00
  -6.6526284e+00
  -6.5527114e+00
  -6.4504212e+00
  -6.3457894e+00
  -6.2388485e+00
  -6.1296323e+00
  -6.0181754e+00
  -5.9045136e+00
  -5.7886835e+00
  -5.6707231e+00
  -5.5506711e+00
  -5.4285674e+00
  -5.3044525e+00
  -5.1783684e+00
  -5.0503578e+00
  -4.9204642e+00
  -4.7887322e+00
  -4.6552075e+00
  -4.5199363e+00
  -4.3829659e+00
  -4.2443446e+00
  -4.1041214e+00
  -3.9623461e+00
  -3.8190694e+00
  -3.6743428e+00
  -3.5282187e+00
  -3.3807501e+00
  -3.2319909e+00
  -3.0819956e+00
  -2.9308194e+00
  -2.7785185e+00
  -2.6251495e+00
  -2.4707697e+00
  -2.3154371e+00
  -2.1592104e+00
  -2.0021486e+00
  -1.8443117e+00
  -1.6857599e+00
  -1.5265542e+00
  -1.3667560e+00
  -1.2064272e+00
  -1.0456301e+00
  -8.8442754e-01
  -7.2288287e-01
  -5.6105971e-01
  -3.9902212e-01
  -2.3683451e-01
  -7.4561614e-02
   8.7731492e-02
   2.4997946e-01
   4.1211667e-01
   5.7407727e-01
   7.3579517e-01
   8.9720410e-01
   1.0582376e+00
   1.2188291e+00
   1.3789119e+00
   1.5384192e+00
   1.6972840e+00
   1.8554395e+00
   2.0128188e+00
   2.1693547e+00
   2.3249804e+00
   2.4796291e+00
   2.6332338e+00
   2.7857279e+00
   2.9370448e+00
   3.0871180e+00
   3.2358812e+00
   3.3832682e+00
   3.5292132e+00
   3.6736506e+00
   3.8165148e+00
   3.9577408e+00
   4.0972637e+00
   4.2350190e+00
   4.3709425e+00
   4.5049703e+00
   4.6370391e+00
   4.7670858e+00
   4.8950476e+00
   5.0208625e+00
   5.1444687e+00
   5.2658049e+00
   5.3848102e+00
   5.5014244e+00
   5.6155876e+00
   5.7272407e+00
   5.8363248e+00
   5.9427819e+00
   6.0465542e+00
   6.1475848e+00
   6.2458171e+00
   6.3411954e+00
   6.4336644e+00
   6.5231694e+00
   6.6096564e+00
   6.6930721e+00
   6.7733636e+00
   6.8504789e+00
   6.9243666e+00
   6.9949757e+00
   7.0622563e+00
   7.1261589e+00
   7.1866347e+00
   7.2436358e+00
   7.2971147e+00
   7.3470251e+00
   7.3933209e+00
   7.4359573e+00
   7.4748900e+00
   7.5100757e+00
   7.5414719e+00
   7.5690370e+00
   7.5927305e+00
   7.6125130e+00
   7.6283459e+00
   7.6401922e+00
   7.6480158e+00
   7.6517822e+00
   7.6514584e+00
   7.6470130e+00
   7.6384161e+00
   7.6256400e+00
   7.6086590e+00
   7.5874495e+00
   7.5619905e+00
   7.5322635e+00
   7.4982528e+00
   7.4599459e+00
   7.4173335e+00
   7.3704100e+00
   7.3191733e+00
   7.2636255e+00
   7.2037730e+00
   7.1396268e+00
   7.0712024e+00
   6.9985205e+00
   6.9216068e+00
   6.8404924e+00
   6.7552141e+00
   6.6658139e+00
   6.5723397e+00
   6.4748452e+00
   6.3733896e+00
   6.2680377e+00
   6.1588599e+00
   6.0459317e+00
   5.9293338e+00
   5.8091514e+00
   5.6854743e+00
   5.5583960e+00
   5.4280135e+00
   5.2944268e+00
   5.1577381e+00
   5.0180515e+00
   4.8754722e+00
   4.7301058e+00
   4.5820578e+00
   4.4314331e+00
   4.2783351e+00
   4.1228651e+00
   3.9651223e+00
   3.8052027e+00
   3.6431989e+00
   3.4791998e+00
   3.3132904e+00
   3.1455511e+00
   2.9760582e+00
   2.8048834e+00
   2.6320941e+00
   2.4577532e+00
   2.2819195e+00
   2.1046476e+00
   1.9259888e+00
   1.7459907e+00
   1.5646979e+00
   1.3821526e+00
   1.1983947e+00
   1.0134623e+00
   8.2739234e-01
   6.4022068e-01
   4.5198285e-01
   2.6271434e-01
   7.2450918e-02
  -1.1877091e-01
  -3.1091366e-01
  -5.0393854e-01
  -6.9780521e-01
  -8.9247162e-01
  -1.0878938e+00
  -1.2840256e+00
  -1.4808189e+00
  -1.6782234e+00
  -1.8761864e+00
  -2.0746531e+00
  -2.2735664e+00
  -2.4728672e+00
  -2.6724942e+00
  -2.8723841e+00
  -3.0724718e+00
  -3.2726904e+00
  -3.4729712e+00
  -3.6732442e+00
  -3.8734378e+00
  -4.0734790e+00
  -4.2732939e+00
  -4.4728074e+00
  -4.6719434e+00
  -4.8706250e+00
  -5.0687747e+00
  -5.2663142e+00
  -5.4631649e+00
  -5.6592474e+00
  -5.8544823e+00
  -6.0487898e+00
  -6.2420899e+00
  -6.4343023e+00
  -6.6253469e+00
  -6.8151435e+00
  -7.0036118e+00
  -7.1906719e+00
  -7.3762436e+00
  -7.5602474e+00
  -7.7426036e+00
  -7.9232332e+00
  -8.1020572e+00
  -8.2789971e+00
  -8.4539748e+00
  -8.6269127e+00
  -8.7977335e+00
  -8.9663606e+00
  -9.1327180e+00
  -9.2967300e+00
  -9.4583219e+00
  -9.6174193e+00
  -9.7739487e+00
  -9.9278374e+00
  -1.0079013e+01
  -1.0227405e+01
  -1.0372942e+01
  -1.0515555e+01
  -1.0655176e+01
  -1.0791735e+01
  -1.0925167e+01
  -1.1055406e+01
  -1.1182387e+01
  -1.1306046e+01
  -1.1426320e+01
  -1.1543148e+01
  -1.1656469e+01
  -1.1766224e+01
  -1.1872355e+01
  -1.1974805e+01
  -1.2073518e+01
  -1.2168439e+01
  -1.2259516e+01
  -1.2346697e+01
  -1.2429931e+01
  -1.2509169e+01
  -1.2584364e+01
  -1.2655470e+01
  -1.2722441e+01
  -1.2785234e+01
  -1.2843808e+01
  -1.2898122e+01
  -1.2948137e+01
  -1.2993817e+01
  -1.3035125e+01
  -1.3072027e+01
  -1.3104492e+01
  -1.3132489e+01
  -1.3155988e+01
  -1.3174962e+01
  -1.3189386e+01
  -1.3199235e+01
  -1.3204487e+01
  -1.3205122e+01
  -1.3201121e+01
  -1.3192468e+01
  -1.3179146e+01
  -1.3161143e+01
  -1.3138448e+01
  -1.3111050e+01
  -1.3078942e+01
  -1.3042118e+01
  -1.3000573e+01
  -1.2954306e+01
  -1.2903316e+01
  -1.2847605e+01
  -1.2787176e+01
  -1.2722034e+01
  -1.2652188e+01
  -1.2577645e+01
  -1.2498417e+01
  -1.2414517e+01
  -1.2325961e+01
  -1.2232764e+01
  -1.2134945e+01
  -1.2032527e+01
  -1.1925530e+01
  -1.1813979e+01
  -1.1697902e+01
  -1.1577326e+01
  -1.1452281e+01
  -1.1322801e+01
  -1.1188919e+01
  -1.1050671e+01
  -1.0908095e+01
  -1.0761232e+01
  -1.0610121e+01
  -1.0454808e+01
  -1.0295338e+01
  -1.0131758e+01
  -9.9641162e+00
  -9.7924648e+00
  -9.6168562e+00
  -9.4373449e+00
  -9.2539873e+00
  -9.0668415e+00
  -8.8759673e+00
  -8.6814263e+00
  -8.4832819e+00
  -8.2815992e+00
  -8.0764447e+00
  -7.8678868e+00
  -7.6559957e+00
  -7.4408429e+00
  -7.2225017e+00
  -7.0010468e+00
  -6.7765546e+00
  -6.5491031e+00
  -6.3187716e+00
  -6.0856410e+00
  -5.8497937e+00
  -5.6113134e+00
  -5.3702853e+00
  -5.1267959e+00
  -4.8809332e+00
  -4.6327863e+00
  -4.3824457e+00
  -4.1300031e+00
  -3.8755516e+00
  -3.6191854e+00
  -3.3609997e+00
  -3.1010910e+00
  -2.8395570e+00
  -2.5764962e+00
  -2.3120084e+00
  -2.0461942e+00
  -1.7791552e+00
  -1.5109942e+00
  -1.2418144e+00
  -9.7172036e-01
  -7.0081720e-01
  -4.2921091e-01
  -1.5700824e-01
   1.1568334e-01
   3.8875564e-01
   6.6209984e-01
   9.3560646e-01
   1.2091654e+00
   1.4826662e+00
   1.7559975e+00
   2.0290477e+00
   2.3017047e+00
   2.5738560e+00
   2.8453884e+00
   3.1161887e+00
   3.3861430e+00
   3.6551373e+00
   3.9230571e+00
   4.1897877e+00
   4.4552139e+00
   4.7192204e+00
   4.9816915e+00
   5.2425112e+00
   5.5015631e+00
   5.7587305e+00
   6.0138964e+00
   6.2669433e+00
   6.5177532e+00
   6.7662074e+00
   7.0121869e+00
   7.2555715e+00
   7.4962405e+00
   7.7340719e+00
   7.9689423e+00
   8.2007272e+00
   8.4292998e+00
   8.6545316e+00
   8.8762912e+00
   9.0944444e+00
   9.3088532e+00
   9.5193754e+00
   9.7258637e+00
   9.9281647e+00
   1.0126118e+01
   1.0319555e+01
   1.0508295e+01
   1.0692150e+01
   1.0870912e+01
   1.1044362e+01
   1.1212257e+01
   1.1374334e+01
   1.1530302e+01
   1.1679836e+01
   1.1822576e+01
   1.1958117e+01
   1.2086001e+01
   1.2205710e+01
   1.2316655e+01
   1.2418165e+01
   1.2509472e+01
   1.2589699e+01
   1.2657840e+01
   1.2712746e+01
   1.2753103e+01
   1.2777414e+01
   1.2783977e+01
   1.2770870e+01
   1.2735936e+01
   1.2676772e+01
   1.2590734e+01
   1.2474947e+01
   1.2326342e+01
   1.2141715e+01
   1.1917816e+01
   1.1651474e+01
   1.1339769e+01
   1.0980237e+01
   1.0571121e+01
   1.0111636e+01
   9.6022420e+00
   9.0448928e+00
   8.4432147e+00
   7.8025854e+00
   7.1300771e+00
   6.4342439e+00
   5.7247580e+00
   5.0119206e+00
   4.3060993e+00
   3.6171563e+00
   2.9539345e+00
   2.3238570e+00
   1.7326744e+00
   1.1843697e+00
   6.8120621e-01
   2.2388878e-01
  -1.8819961e-01
  -5.5672481e-01
  -8.8412395e-01
  -1.1733476e+00
  -1.4276368e+00
  -1.6503406e+00
  -1.8447772e+00
  -2.0141326e+00
  -2.1613935e+00
  -2.2893078e+00
  -2.4003649e+00
  -2.4967927e+00
  -2.5805647e+00
  -2.6534143e+00
  -2.7168535e+00
  -2.7721931e+00
  -2.8205637e+00
  -2.8629368e+00
  -2.9001436e+00
  -2.9328933e+00
  -2.9617893e+00
  -2.9873438e+00
  -3.0099905e+00
  -3.0300962e+00
  -3.0479704e+00
  -3.0638737e+00
  -3.0780258e+00
  -3.0906108e+00
  -3.1017835e+00
  -3.1116736e+00
  -3.1203897e+00
  -3.1280223e+00
  -3.1346473e+00
  -3.1403279e+00
  -3.1451167e+00
  -3.1490574e+00
  -3.1521865e+00
  -3.1545341e+00
  -3.1561253e+00
  -3.1569809e+00
  -3.1571180e+00
  -3.1565508e+00
  -3.1552913e+00
  -3.1533491e+00
  -3.1507324e+00
  -3.1474481e+00
  -3.1435019e+00
  -3.1388987e+00
  -3.1336427e+00
  -3.1277376e+00
  -3.1211866e+00
  -3.1139928e+00
  -3.1061590e+00
  -3.0976877e+00
  -3.0885815e+00
  -3.0788431e+00
  -3.0684751e+00
  -3.0574800e+00
  -3.0458607e+00
  -3.0336200e+00
  -3.0207610e+00
  -3.0072869e+00
  -2.9932010e+00
  -2.9785070e+00
  -2.9632085e+00
  -2.9473097e+00
  -2.9308146e+00
  -2.9137277e+00
  -2.8960536e+00
  -2.8777972e+00
  -2.8589637e+00
  -2.8395583e+00
  -2.8195867e+00
  -2.7990546e+00
  -2.7779682e+00
  -2.7563336e+00
  -2.7341575e+00
  -2.7114467e+00
  -2.6882080e+00
  -2.6644489e+00
  -2.6401766e+00
  -2.6153990e+00
  -2.5901241e+00
  -2.5643598e+00
  -2.5381148e+00
  -2.5113974e+00
  -2.4842168e+00
  -2.4565818e+00
  -2.4285017e+00
  -2.3999861e+00
  -2.3710447e+00
  -2.3416873e+00
  -2.3119241e+00
  -2.2817655e+00
  -2.2512218e+00
  -2.2203040e+00
  -2.1890227e+00
  -2.1573893e+00
  -2.1254149e+00
  -2.0931110e+00
  -2.0604893e+00
  -2.0275616e+00
  -1.9943398e+00
  -1.9608361e+00
  -1.9270629e+00
  -1.8930326e+00
  -1.8587578e+00
  -1.8242513e+00
  -1.7895260e+00
  -1.7545949e+00
  -1.7194714e+00
  -1.6841686e+00
  -1.6487000e+00
  -1.6130791e+00
  -1.5773198e+00
  -1.5414357e+00
  -1.5054407e+00
  -1.4693489e+00
  -1.4331742e+00
  -1.3969310e+00
  -1.3606334e+00
  -1.3242958e+00
  -1.2879326e+00
  -1.2515583e+00
  -1.2151874e+00
  -1.1788345e+00
  -1.1425143e+00
  -1.1062415e+00
  -1.0700307e+00
  -1.0338968e+00
  -9.9785449e-01
  -9.6191868e-01
  -9.2610415e-01
  -8.9042575e-01
  -8.5489832e-01
  -8.1953671e-01
  -7.8435575e-01
  -7.4937026e-01
  -7.1459504e-01
  -6.8004487e-01
  -6.4573448e-01
  -6.1167859e-01
  -5.7789185e-01
  -5.4438888e-01
  -5.1118422e-01
  -4.7829238e-01
  -4.4572776e-01
  -4.1350472e-01
  -3.8163753e-01
  -3.5014037e-01
  -3.1902732e-01
  -2.8831238e-01
  -2.5800942e-01
  -2.2813222e-01
  -1.9869444e-01
  -1.6970961e-01
  -1.4119112e-01
  -1.1315226e-01
  -8.5606146e-02
  -5.8565761e-02
  -3.2043935e-02
  -6.0533371e-03
   1.9393525e-02
   4.4284315e-02
   6.8606871e-02
   9.2349213e-02
   1.1549955e-01
   1.3804627e-01
   1.5997798e-01
   1.8128348e-01
   2.0195176e-01
   2.2197206e-01
   2.4133380e-01
   2.6002666e-01
   2.7804053e-01
   2.9536552e-01
   3.1199201e-01
   3.2791060e-01
   3.4311215e-01
   3.5758776e-01
   3.7132880e-01
   3.8432690e-01
   3.9657396e-01
   4.0806214e-01
   4.1878388e-01
   4.2873190e-01
   4.3789920e-01
   4.4627906e-01
   4.5386508e-01
   4.6065112e-01
   4.6663136e-01
   4.7180026e-01
   4.7615261e-01
   4.7968349e-01
   4.8238829e-01
   4.8426274e-01
   4.8530285e-01
   4.8550498e-01
   4.8486579e-01
   4.8338228e-01
   4.8105177e-01
   4.7787192e-01
   4.7384071e-01
   4.6895645e-01
   4.6321779e-01
   4.5662374e-01
   4.4917362e-01
   4.4086709e-01
   4.3170418e-01
   4.2168523e-01
   4.1081095e-01
   3.9908237e-01
   3.8650090e-01
   3.7306827e-01
   3.5878655e-01
   3.4365819e-01
   3.2768597e-01
   3.1087300e-01
   2.9322278e-01
   2.7473911e-01
   2.5542618e-01
   2.3528849e-01
   2.1433092e-01
   1.9255868e-01
   1.6997732e-01
   1.4659275e-01
   1.2241120e-01
   9.7439253e-02
   7.1683846e-02
   4.5152236e-02
   1.7852026e-02
  -1.0208849e-02
  -3.9022120e-02
  -6.8579184e-02
  -9.8871114e-02
  -1.2988865e-01
  -1.6162221e-01
  -1.9406190e-01
  -2.2719749e-01
  -2.6101844e-01
  -2.9551390e-01
  -3.3067272e-01
  -3.6648342e-01
  -4.0293423e-01
  -4.4001308e-01
  -4.7770761e-01
  -5.1600515e-01
  -5.5489275e-01
  -5.9435719e-01
  -6.3438494e-01
  -6.7496222e-01
  -7.1607497e-01
  -7.5770886e-01
  -7.9984930e-01
  -8.4248143e-01
  -8.8559016e-01
  -9.2916013e-01
  -9.7317576e-01
  -1.0176212e+00
  -1.0624804e+00
  -1.1077371e+00
  -1.1533747e+00
  -1.1993765e+00
  -1.2457256e+00
  -1.2924049e+00
  -1.3393970e+00
  -1.3866843e+00
  -1.4342492e+00
  -1.4820737e+00
  -1.5301398e+00
  -1.5784292e+00
  -1.6269235e+00
  -1.6756042e+00
  -1.7244526e+00
  -1.7734499e+00
  -1.8225769e+00
  -1.8718148e+00
  -1.9211441e+00
  -1.9705457e+00
  -2.0199999e+00
  -2.0694875e+00
  -2.1189886e+00
  -2.1684835e+00
  -2.2179526e+00
  -2.2673759e+00
  -2.3167335e+00
  -2.3660055e+00
  -2.4151717e+00
  -2.4642123e+00
  -2.5131071e+00
  -2.5618360e+00
  -2.6103788e+00
  -2.6587156e+00
  -2.7068261e+00
  -2.7546902e+00
  -2.8022878e+00
  -2.8495989e+00
  -2.8966035e+00
  -2.9432816e+00
  -2.9896131e+00
  -3.0355783e+00
  -3.0811574e+00
  -3.1263305e+00
  -3.1710781e+00
  -3.2153806e+00
  -3.2592185e+00
  -3.3025725e+00
  -3.3454233e+00
  -3.3877518e+00
  -3.4295390e+00
  -3.4707662e+00
  -3.5114145e+00
  -3.5514655e+00
  -3.5909008e+00
  -3.6297023e+00
  -3.6678517e+00
  -3.7053315e+00
  -3.7421238e+00
  -3.7782114e+00
  -3.8135769e+00
  -3.8482034e+00
  -3.8820740e+00
  -3.9151724e+00
  -3.9474821e+00
  -3.9789872e+00
  -4.0096718e+00
  -4.0395204e+00
  -4.0685179e+00
  -4.0966491e+00
  -4.1238995e+00
  -4.1502546e+00
  -4.1757004e+00
  -4.2002230e+00
  -4.2238091e+00
  -4.2464454e+00
  -4.2681192e+00
  -4.2888180e+00
  -4.3085295e+00
  -4.3272421e+00
  -4.3449443e+00
  -4.3616249e+00
  -4.3772733e+00
  -4.3918792e+00
  -4.4054324e+00
  -4.4179235e+00
  -4.4293433e+00
  -4.4396828e+00
  -4.4489338e+00
  -4.4570881e+00
  -4.4641382e+00
  -4.4700768e+00
  -4.4748972e+00
  -4.4785931e+00
  -4.4811584e+00
  -4.4825877e+00
  -4.4828758e+00
  -4.4820182e+00
  -4.4800107e+00
  -4.4768494e+00
  -4.4725311e+00
  -4.4670529e+00
  -4.4604124e+00
  -4.4526077e+00
  -4.4436372e+00
  -4.4334999e+00
  -4.4221953e+00
  -4.4097232e+00
  -4.3960841e+00
  -4.3812786e+00
  -4.3653082e+00
  -4.3481746e+00
  -4.3298801e+00
  -4.3104273e+00
  -4.2898195e+00
  -4.2680604e+00
  -4.2451540e+00
  -4.2211050e+00
  -4.1959185e+00
  -4.1696000e+00
  -4.1421557e+00
  -4.1135920e+00
  -4.0839159e+00
  -4.0531350e+00
  -4.0212571e+00
  -3.9882907e+00
  -3.9542446e+00
  -3.9191283e+00
  -3.8829514e+00
  -3.8457244e+00
  -3.8074579e+00
  -3.7681632e+00
  -3.7278519e+00
  -3.6865362e+00
  -3.6442285e+00
  -3.6009420e+00
  -3.5566901e+00
  -3.5114866e+00
  -3.4653460e+00
  -3.4182829e+00
  -3.3703126e+00
  -3.3214508e+00
  -3.2717134e+00
  -3.2211169e+00
  -3.1696783e+00
  -3.1174146e+00
  -3.0643438e+00
  -3.0104837e+00
  -2.9558529e+00
  -2.9004702e+00
  -2.8443548e+00
  -2.7875263e+00
  -2.7300048e+00
  -2.6718104e+00
  -2.6129638e+00
  -2.5534861e+00
  -2.4933986e+00
  -2.4327230e+00
  -2.3714813e+00
  -2.3096957e+00
  -2.2473890e+00
  -2.1845840e+00
  -2.1213039e+00
  -2.0575723e+00
  -1.9934129e+00
  -1.9288498e+00
  -1.8639072e+00
  -1.7986098e+00
  -1.7329823e+00
  -1.6670496e+00
  -1.6008372e+00
  -1.5343704e+00
  -1.4676748e+00
  -1.4007765e+00
  -1.3337013e+00
  -1.2664756e+00
  -1.1991256e+00
  -1.1316780e+00
  -1.0641594e+00
  -9.9659674e-01
  -9.2901685e-01
  -8.6144683e-01
  -7.9391386e-01
  -7.2644520e-01
  -6.5906820e-01
  -5.9181027e-01
  -5.2469891e-01
  -4.5776165e-01
  -3.9102607e-01
  -3.2451977e-01
  -2.5827037e-01
  -1.9230551e-01
  -1.2665283e-01
  -6.1339926e-02
   3.6056020e-03
   6.8156204e-02
   1.3228438e-01
   1.9596267e-01
   2.5916372e-01
   3.2186023e-01
   3.8402500e-01
   4.4563094e-01
   5.0665107e-01
   5.6705855e-01
   6.2682666e-01
   6.8592885e-01
   7.4433872e-01
   8.0203005e-01
   8.5897680e-01
   9.1515312e-01
   9.7053339e-01
   1.0250922e+00
   1.0788043e+00
   1.1316449e+00
   1.1835891e+00
   1.2346126e+00
   1.2846913e+00
   1.3338012e+00
   1.3819188e+00
   1.4290209e+00
   1.4750844e+00
   1.5200868e+00
   1.5640058e+00
   1.6068195e+00
   1.6485063e+00
   1.6890451e+00
   1.7284149e+00
   1.7665955e+00
   1.8035668e+00
   1.8393091e+00
   1.8738034e+00
   1.9070309e+00
   1.9389732e+00
   1.9696125e+00
   1.9989314e+00
   2.0269130e+00
   2.0535408e+00
   2.0787989e+00
   2.1026718e+00
   2.1251446e+00
   2.1462027e+00
   2.1658324e+00
   2.1840200e+00
   2.2007529e+00
   2.2160187e+00
   2.2298056e+00
   2.2421023e+00
   2.2528983e+00
   2.2621834e+00
   2.2699482e+00
   2.2761838e+00
   2.2808817e+00
   2.2840343e+00
   2.2856345e+00
   2.2856756e+00
   2.2841519e+00
   2.2810578e+00
   2.2763889e+00
   2.2701410e+00
   2.2623106e+00
   2.2528950e+00
