   7.8238745e+00   9.2922485e+00   6.3198306e+00   9.9626422e+00   7.4883199e+00   9.4450603e+00   6.4756851e+00   9.8773997e+00   7.8265238e+00   9.2898785e+00   6.3182527e+00   9.9524267e+00   7.4900976e+00   9.4357689e+00   6.4725563e+00   9.8917868e+00   7.8281794e+00   9.2970891e+00   6.3172841e+00   9.9567948e+00   7.4825115e+00   9.4478326e+00   6.4738803e+00   9.8805503e+00   7.8202486e+00   9.2844245e+00   6.3200945e+00   9.9613408e+00   7.4904010e+00   9.4385061e+00   6.4753173e+00   9.8869053e+00
   6.5075533e+00   9.8869717e+00   7.9066457e+00   9.2775157e+00   6.2721091e+00   9.9900508e+00   7.4567785e+00   9.4754366e+00   6.4744489e+00   9.8940766e+00   7.8708007e+00   9.2834795e+00   6.2886691e+00   9.9877008e+00   7.3855203e+00   9.5014639e+00   6.5116846e+00   9.8717534e+00   7.9092910e+00   9.2672960e+00   6.2743420e+00   9.9866441e+00   7.4645990e+00   9.4584173e+00   6.4736953e+00   9.9013454e+00   7.8789799e+00   9.2912906e+00   6.2835174e+00   9.9689020e+00   7.3868906e+00   9.5059953e+00
   6.2285905e+00   1.0021430e+01   7.5422205e+00   9.4485532e+00   6.4277422e+00   9.9286467e+00   7.8827851e+00   9.3024951e+00   6.2759242e+00   9.9943656e+00   7.3011598e+00   9.5507224e+00   6.5349762e+00   9.8827625e+00   7.9729603e+00   9.2639430e+00   6.2370678e+00   1.0003134e+01   7.4025901e+00   9.5104891e+00   6.4862786e+00   9.9073981e+00   7.9357171e+00   9.2833912e+00   6.2494751e+00   9.9965787e+00   7.6394619e+00   9.4034518e+00   6.3774101e+00   9.9568067e+00   7.8345934e+00   9.3282767e+00
   6.3744201e+00   9.9649908e+00   7.1005116e+00   9.6483035e+00   6.6164642e+00   9.8506452e+00   8.0614828e+00   9.2323891e+00   6.1938981e+00   1.0046002e+01   7.4006244e+00   9.5198272e+00   6.4790739e+00   9.9136217e+00   7.0139545e+00   9.6956916e+00   6.6699040e+00   9.8427105e+00   8.0784232e+00   9.2331220e+00   6.1762752e+00   1.0050458e+01   7.4490600e+00   9.5099849e+00   6.4515207e+00   9.9344610e+00   7.0300287e+00   9.6773629e+00   6.6533792e+00   9.8312337e+00   8.0824116e+00   9.2205678e+00
   6.5781010e+00   9.8943233e+00   8.0583761e+00   9.2609136e+00   6.1773474e+00   1.0054406e+01   7.3098952e+00   9.5862636e+00   6.5055514e+00   9.9243310e+00   6.9593234e+00   9.7166131e+00   6.6756994e+00   9.8425824e+00   8.1230531e+00   9.2314680e+00   6.1577106e+00   1.0076595e+01   7.6608143e+00   9.4392151e+00   6.3492739e+00   9.9846457e+00   7.0877441e+00   9.6717105e+00   6.6091065e+00   9.8674001e+00   6.8842441e+00   9.7613230e+00   6.7200888e+00   9.8341573e+00   8.1351611e+00   9.2253542e+00
   7.0061393e+00   9.7162829e+00   8.2974511e+00   9.1691455e+00   6.0798244e+00   1.0121632e+01   7.5105367e+00   9.5181387e+00   6.4061079e+00   9.9720721e+00   7.0030070e+00   9.7228627e+00   8.2903512e+00   9.1652993e+00   6.0821118e+00   1.0108074e+01   7.5186312e+00   9.5007780e+00   6.4026230e+00   9.9698995e+00   7.0112325e+00   9.7265254e+00   6.6380727e+00   9.8816380e+00   6.8455602e+00   9.7775131e+00   8.2296647e+00   9.1944550e+00   6.1089678e+00   1.0108144e+01   7.3723563e+00   9.5709743e+00
   6.6152759e+00   9.8954919e+00   6.8346301e+00   9.8075239e+00   6.7093048e+00   9.8642857e+00   8.1849638e+00   9.2378988e+00   6.1144751e+00   1.0098993e+01   7.2702854e+00   9.6245627e+00   6.4955324e+00   9.9384541e+00   8.0883600e+00   9.2733484e+00   6.1591738e+00   1.0097638e+01   7.8262451e+00   9.4016206e+00   6.2583458e+00   1.0045871e+01   7.9196906e+00   9.3564685e+00   6.2207655e+00   1.0051887e+01   7.1369967e+00   9.6880069e+00   6.5593643e+00   9.9208532e+00   8.1203670e+00   9.2627383e+00
   7.5111309e+00   9.5493232e+00   8.5113544e+00   9.1120975e+00   5.9807545e+00   1.0182044e+01   7.5059561e+00   9.5489664e+00   8.5085795e+00   9.1070928e+00   5.9836133e+00   1.0161903e+01   7.5097524e+00   9.5337571e+00   8.5023720e+00   9.1018360e+00   5.9817058e+00   1.0180980e+01   7.5154325e+00   9.5458564e+00   8.5119304e+00   9.1109802e+00   5.9790068e+00   1.0184104e+01   7.5315693e+00   9.5404704e+00   6.3695023e+00   1.0016522e+01   8.0425761e+00   9.3221700e+00   6.1647927e+00   1.0097244e+01
   7.0002416e+00   9.7576315e+00   8.3592301e+00   9.1900203e+00   6.0350605e+00   1.0171203e+01   7.2460164e+00   9.6698078e+00   6.4816052e+00   9.9834849e+00   8.1308437e+00   9.2993152e+00   6.1205602e+00   1.0125528e+01   7.1474879e+00   9.6939721e+00   6.5238283e+00   9.9552764e+00   6.8370283e+00   9.8338168e+00   8.2933401e+00   9.2194777e+00   6.0601164e+00   1.0157605e+01   7.8347137e+00   9.4309145e+00   8.6241971e+00   9.0772675e+00   5.9318855e+00   1.0210753e+01   7.5357513e+00   9.5480854e+00
   6.5295895e+00   9.9651948e+00   8.1939374e+00   9.2937058e+00   6.0888502e+00   1.0135073e+01   7.1341087e+00   9.7278421e+00   6.5142243e+00   9.9587468e+00   8.1889553e+00   9.2920080e+00   8.7241210e+00   9.0406539e+00   5.8787882e+00   1.0247439e+01   7.5114322e+00   9.5818327e+00   8.5462437e+00   9.1328370e+00   5.9578855e+00   1.0191148e+01   7.2998159e+00   9.6537853e+00   6.4456565e+00   9.9913779e+00   8.1536505e+00   9.3088927e+00   6.1075485e+00   1.0136485e+01   7.1188757e+00   9.7379780e+00
   9.2362877e+00   6.0222045e+00   1.0189099e+01   7.1571210e+00   9.7379002e+00   8.4496639e+00   9.1889169e+00   8.8201229e+00   9.0116993e+00   5.8442297e+00   1.0256367e+01   7.4443393e+00   9.6138825e+00   8.5401352e+00   9.1532446e+00   8.8301525e+00   9.0088993e+00   5.8330869e+00   1.0277359e+01   7.4855844e+00   9.6068944e+00   8.5552125e+00   9.1450578e+00   8.8466612e+00   9.0022883e+00   5.8341437e+00   1.0255887e+01   7.4946232e+00   9.5873642e+00   8.5520550e+00   9.1432978e+00   5.9433206e+00
   5.7780717e+00   1.0291927e+01   7.5311946e+00   9.5967754e+00   6.3309966e+00   1.0074533e+01   6.8845460e+00   9.8415670e+00   6.5930482e+00   9.9713023e+00   8.2726109e+00   9.2939545e+00   6.0466232e+00   1.0190640e+01   7.0885754e+00   9.7674904e+00   8.4537354e+00   9.2145091e+00   5.9760617e+00   1.0208429e+01   7.1561545e+00   9.7473759e+00   6.4763836e+00   1.0003106e+01   6.7945988e+00   9.8905608e+00   8.3452928e+00   9.2474922e+00   6.0191772e+00   1.0207813e+01   7.1159254e+00   9.7677803e+00
   8.2207425e+00   9.3261514e+00   8.7863863e+00   9.0647601e+00   8.9303780e+00   5.7325873e+00   1.0336366e+01   7.6193878e+00   9.5749656e+00   6.2836615e+00   1.0091650e+01   8.1634429e+00   9.3566039e+00   8.7603328e+00   9.0862667e+00   8.9126421e+00   5.7261784e+00   1.0324241e+01   7.5963618e+00   9.5894057e+00   6.2944954e+00   1.0103595e+01   8.1598648e+00   9.3588159e+00   6.0794213e+00   1.0191285e+01   7.0254931e+00   9.8122863e+00   6.5221749e+00   1.0014384e+01   8.2635755e+00   9.3040581e+00
   1.0159495e+01   8.1385275e+00   9.3738958e+00   8.7702771e+00   9.0980702e+00   8.9336554e+00   9.0214848e+00   5.7811612e+00   1.0324817e+01   7.2670646e+00   9.7359638e+00   8.5425503e+00   9.2008390e+00   8.8802520e+00   5.6746446e+00   1.0369725e+01   7.5547511e+00   9.6151480e+00   8.6178451e+00   9.1648486e+00   8.8966380e+00   5.6891527e+00   1.0350483e+01   7.4540069e+00   9.6483020e+00   8.5918407e+00   9.1844397e+00   8.8816288e+00   5.6812755e+00   1.0349929e+01   7.4777263e+00   9.6504336e+00
   1.0063933e+01   8.2898359e+00   9.3363226e+00   8.8310183e+00   9.0869209e+00   5.8210120e+00   1.0317986e+01   7.1691459e+00   9.7888440e+00   6.4352886e+00   1.0066112e+01   8.2847916e+00   9.3345123e+00   8.8182064e+00   9.0968452e+00   5.8189158e+00   1.0310803e+01   7.1742659e+00   9.7831868e+00   6.4296023e+00   1.0063731e+01   8.2864590e+00   9.3442528e+00   6.0192305e+00   1.0233631e+01   8.0766836e+00   9.4271239e+00   6.0933137e+00   1.0206712e+01   6.9583285e+00   9.8725072e+00   6.5237021e+00
   8.9910176e+00   9.0287324e+00   9.0154888e+00   5.7365569e+00   1.0348808e+01   7.9162885e+00   9.5078554e+00   6.1469229e+00   1.0192853e+01   6.8937936e+00   9.8979205e+00   8.4728286e+00   9.2817621e+00   8.8828788e+00   9.0898956e+00   5.7958910e+00   1.0327357e+01   7.1539373e+00   9.8035529e+00   8.5488782e+00   9.2479874e+00   8.9016454e+00   9.0804326e+00   5.7888414e+00   1.0330768e+01   7.9552061e+00   9.4955299e+00   8.7626398e+00   9.1467891e+00   8.9575587e+00   5.6923426e+00   1.0378005e+01
   9.2034075e+00   8.9412709e+00   5.6620862e+00   1.0381653e+01   7.8956990e+00   9.5358745e+00   6.1409910e+00   1.0209608e+01   8.2090962e+00   9.3982985e+00   8.8349430e+00   9.1259028e+00   8.9842361e+00   9.0588516e+00   5.7491905e+00   1.0357900e+01   7.9848281e+00   9.4946388e+00   8.7718583e+00   9.1603478e+00   5.8275800e+00   1.0314889e+01   7.0844063e+00   9.8373570e+00   8.5457550e+00   9.2667314e+00   8.9107095e+00   5.6389834e+00   1.0411247e+01   7.8811510e+00   9.5392315e+00   6.1506314e+00
   5.4595271e+00   1.0487827e+01   7.5691490e+00   9.6831289e+00   8.6945539e+00   5.4601144e+00   1.0497257e+01   7.5677079e+00   9.6758769e+00   8.6873156e+00   5.4558530e+00   1.0483799e+01   7.5616807e+00   9.6726445e+00   8.6895035e+00   5.4592877e+00   1.0486251e+01   7.5689289e+00   9.6829977e+00   8.6946278e+00   5.4602385e+00   1.0497317e+01   7.5681002e+00   9.6770165e+00   8.6882690e+00   5.4563425e+00   1.0485656e+01   7.5608129e+00   9.6712343e+00   8.6886652e+00   5.4590211e+00   1.0484558e+01
   5.4326706e+00   1.0502359e+01   7.7373987e+00   9.6247047e+00   8.7482330e+00   9.2130157e+00   8.9853436e+00   9.0988201e+00   5.7430042e+00   1.0386718e+01   8.0608288e+00   9.4979742e+00   8.8277778e+00   5.5383097e+00   1.0447274e+01   7.8931539e+00   9.5695941e+00   8.7885643e+00   5.5099997e+00   1.0483577e+01   7.3021237e+00   9.7927352e+00   8.6376506e+00   5.4009026e+00   1.0516642e+01   7.6100282e+00   9.6697147e+00   8.7174092e+00   5.4604544e+00   1.0499011e+01   7.7919507e+00   9.6104383e+00
   8.9967954e+00   5.6440550e+00   1.0429393e+01   7.1167724e+00   9.8706605e+00   8.6017817e+00   5.3626207e+00   1.0529691e+01   7.4939728e+00   9.7392613e+00   8.7078852e+00   5.4326669e+00   1.0523936e+01   7.8402632e+00   9.5948371e+00   6.1393279e+00   1.0238593e+01   6.8048615e+00   9.9875801e+00   6.5118076e+00   1.0090779e+01   8.4322380e+00   9.3682643e+00   8.9203705e+00   5.5884078e+00   1.0457134e+01   7.1613069e+00   9.8594937e+00   8.6147118e+00   5.3691743e+00   1.0529958e+01   7.4635564e+00
   9.5371592e+00   6.0673206e+00   1.0276253e+01   6.8190839e+00   9.9971906e+00   8.5499755e+00   5.3022532e+00   1.0585905e+01   7.5245521e+00   9.7394217e+00   6.2347460e+00   1.0212705e+01   8.3611502e+00   9.4148280e+00   8.9250482e+00   5.5705940e+00   1.0454572e+01   8.0298211e+00   9.5502076e+00   6.0589102e+00   1.0275868e+01   6.8250938e+00   9.9967910e+00   8.5396340e+00   5.3018287e+00   1.0561109e+01   7.6765250e+00   9.6838315e+00   8.7685695e+00   9.2403319e+00   9.0170084e+00   5.6384801e+00
   6.5814305e+00   1.0096506e+01   8.4993506e+00   5.2485878e+00   1.0615589e+01   7.7007608e+00   9.6843509e+00   8.7798222e+00   5.4475016e+00   1.0525019e+01   7.9833056e+00   9.5799295e+00   8.8530117e+00   5.4991309e+00   1.0497941e+01   8.0211060e+00   9.5679665e+00   8.8631544e+00   9.2062102e+00   9.0488826e+00   5.6440274e+00   1.0453302e+01   7.0407489e+00   9.9353730e+00   8.6262825e+00   5.3364277e+00   1.0563390e+01   7.8727801e+00   9.6250510e+00   6.1066113e+00   1.0273978e+01   6.7812534e+00
   1.0546940e+01   8.0099497e+00   9.5882020e+00   8.8683541e+00   5.4928430e+00   1.0515643e+01   7.1229861e+00   9.9014301e+00   8.6601981e+00   9.3255441e+00   5.8336925e+00   1.0390327e+01   6.8987766e+00   1.0000962e+01   8.6007249e+00   9.3397905e+00   5.8534856e+00   1.0375922e+01   6.8816633e+00   1.0003992e+01   6.4405989e+00   1.0153560e+01   8.4777212e+00   5.2162568e+00   1.0635758e+01   7.7733908e+00   9.6720302e+00   6.1335537e+00   1.0277095e+01   8.3706203e+00   9.4391205e+00   8.9515153e+00
   8.3782857e+00   5.1326139e+00   1.0667734e+01   7.5491015e+00   9.7804338e+00   6.1922514e+00   1.0258302e+01   8.4215682e+00   5.1582226e+00   1.0666473e+01   7.7818250e+00   9.6773592e+00   8.8242071e+00   5.4454419e+00   1.0548549e+01   7.1163468e+00   9.9275728e+00   6.3404977e+00   1.0214076e+01   6.6374432e+00   1.0109541e+01   6.5202545e+00   1.0150606e+01   8.5196574e+00   9.3919484e+00   5.8780198e+00   1.0372027e+01   8.3018819e+00   9.4915396e+00   5.9498106e+00   1.0333364e+01   6.8124691e+00
   5.4431772e+00   1.0553726e+01   8.1111828e+00   9.5741706e+00   6.0020265e+00   1.0343382e+01   8.3755027e+00   5.1104224e+00   1.0690889e+01   7.4331209e+00   9.8190949e+00   6.2247672e+00   1.0264461e+01   8.4478938e+00   9.4454591e+00   5.8893437e+00   1.0388980e+01   6.8217969e+00   1.0053630e+01   6.4340522e+00   1.0192856e+01   6.5828362e+00   1.0141535e+01   8.5552303e+00   5.2339706e+00   1.0618112e+01   7.2657061e+00   9.8974713e+00   8.7344153e+00   9.3242860e+00   5.8007558e+00   1.0402899e+01
   5.6238982e+00   1.0480976e+01   8.2533326e+00   5.0122380e+00   1.0741347e+01   7.6845980e+00   9.7432717e+00   8.8310754e+00   9.3033228e+00   5.7558797e+00   1.0447940e+01   8.3066717e+00   9.5172643e+00   8.9677907e+00   9.2438720e+00   9.1178487e+00   5.6164239e+00   1.0497348e+01   8.2420260e+00   5.0115463e+00   1.0739717e+01   7.6444696e+00   9.7653869e+00   6.1466290e+00   1.0299403e+01   8.4486308e+00   9.4663184e+00   5.8817960e+00   1.0397115e+01   6.8029788e+00   1.0064082e+01   8.6313183e+00
   8.6972125e+00   5.2944280e+00   1.0624963e+01   8.1031200e+00   9.6101816e+00   8.9464986e+00   5.4728840e+00   1.0564332e+01   8.2107198e+00   4.9707231e+00   1.0738299e+01   7.5233158e+00   9.8340959e+00   8.8248419e+00   9.3145698e+00   5.7568576e+00   1.0452680e+01   8.3354370e+00   5.0509729e+00   1.0723140e+01   7.9003447e+00   9.6942846e+00   8.9036896e+00   5.4423063e+00   1.0560680e+01   8.1937373e+00   4.9583267e+00   1.0770951e+01   7.7032685e+00   9.7522184e+00   6.1193736e+00   1.0325526e+01
   9.4469706e+00   5.8276013e+00   1.0439515e+01   8.3891067e+00   5.0727266e+00   1.0726295e+01   7.2720462e+00   9.9331887e+00   6.2420444e+00   1.0295442e+01   8.5164819e+00   9.4632519e+00   5.8460163e+00   1.0435850e+01   6.7785918e+00   1.0102725e+01   8.6585279e+00   5.2571299e+00   1.0655645e+01   8.1293021e+00   9.6192101e+00   8.9589611e+00   9.2856588e+00   9.1391636e+00   9.1938057e+00   9.1747753e+00   9.1906295e+00   9.1701488e+00   5.6239219e+00   1.0505992e+01   6.8800134e+00   1.0073055e+01
   8.4912235e+00   5.1183414e+00   1.0706281e+01   7.1803594e+00   9.9785108e+00   6.2663585e+00   1.0288026e+01   8.5543177e+00   9.4742224e+00   9.0660138e+00   9.2545969e+00   5.6603333e+00   1.0512626e+01   8.3467018e+00   5.0313417e+00   1.0738894e+01   7.2615274e+00   9.9558164e+00   6.2350406e+00   1.0309806e+01   8.5407047e+00   5.1537151e+00   1.0697729e+01   8.0980155e+00   4.8685478e+00   1.0813690e+01   7.7933592e+00   9.7639671e+00   8.9107945e+00   5.4099291e+00   1.0600470e+01   8.2423591e+00
   4.8599050e+00   1.0802647e+01   7.4049250e+00   9.9200962e+00   6.1788604e+00   1.0340142e+01   8.5475780e+00   5.1385300e+00   1.0711635e+01   8.1316144e+00   4.8734295e+00   1.0806934e+01   7.9070063e+00   9.7398309e+00   8.9496458e+00   5.4182339e+00   1.0612925e+01   8.2783458e+00   4.9665468e+00   1.0776582e+01   8.0023057e+00   4.7896527e+00   1.0856619e+01   7.7362456e+00   9.7976765e+00   6.0784196e+00   1.0357255e+01   8.5219136e+00   5.1215203e+00   1.0703628e+01   8.1285071e+00   4.8620528e+00
   9.7679398e+00   8.9541090e+00   5.4028753e+00   1.0622240e+01   8.3088646e+00   4.9647158e+00   1.0793894e+01   8.0641424e+00   9.6897288e+00   8.9863223e+00   5.4289416e+00   1.0608935e+01   8.3174276e+00   9.5909182e+00   9.0394054e+00   9.3077771e+00   5.6605647e+00   1.0524626e+01   8.4092157e+00   9.5679765e+00   9.0609463e+00   9.2882408e+00   5.6547931e+00   1.0532946e+01   8.4029374e+00   5.0279809e+00   1.0758061e+01   8.1028043e+00   4.8372982e+00   1.0830259e+01   7.9423024e+00   4.7295819e+00
   1.0883274e+01   7.9061672e+00   4.6903306e+00   1.0899247e+01   7.5072277e+00   9.9098434e+00   8.8982771e+00   5.3449432e+00   1.0657463e+01   8.3094008e+00   4.9518498e+00   1.0805196e+01   8.1004308e+00   4.8149327e+00   1.0844665e+01   7.9800225e+00   4.7429952e+00   1.0882664e+01   7.9034402e+00   4.6870817e+00   1.0907237e+01   7.5234582e+00   9.8960611e+00   6.1257021e+00   1.0374416e+01   6.5869222e+00   1.0205575e+01   8.6944626e+00   5.2055697e+00   1.0691601e+01   7.0110942e+00   1.0082922e+01
   7.9505717e+00   4.7023068e+00   1.0912226e+01   7.9365304e+00   4.6867856e+00   1.0906269e+01   7.9154927e+00   9.7699586e+00   8.9839465e+00   5.3889935e+00   1.0629195e+01   8.3647283e+00   4.9617177e+00   1.0785228e+01   8.1558156e+00   4.8323627e+00   1.0838007e+01   8.0643709e+00   4.7721636e+00   1.0879642e+01   8.0143059e+00   4.7363491e+00   1.0895607e+01   7.9784439e+00   4.7178641e+00   1.0884705e+01   7.9470955e+00   4.7047933e+00   1.0903903e+01   7.9379303e+00   4.6914174e+00   1.0915235e+01
   1.0955410e+01   7.7246177e+00   4.5464442e+00   1.0982854e+01   7.7310976e+00   4.5459288e+00   1.0957784e+01   7.7253265e+00   4.5462432e+00   1.0982591e+01   7.7308880e+00   4.5461554e+00   1.0960056e+01   7.7259973e+00   4.5460236e+00   1.0982207e+01   7.7306396e+00   4.5463635e+00   1.0962225e+01   7.7266302e+00   4.5457852e+00   1.0981701e+01   7.7303523e+00   4.5465530e+00   1.0964292e+01   7.7272252e+00   4.5455280e+00   1.0981075e+01   7.7300260e+00   4.5467239e+00   1.0966255e+01   7.7277821e+00
   1.1013103e+01   7.6557881e+00   4.4822813e+00   1.0990828e+01   7.6470765e+00   4.4835721e+00   1.1013681e+01   7.6556994e+00   4.4826033e+00   1.0987698e+01   7.6480353e+00   4.4833527e+00   1.1014085e+01   7.6555542e+00   4.4828979e+00   1.0984361e+01   7.6489389e+00   4.4831058e+00   1.1014315e+01   7.6553523e+00   4.4831652e+00   1.0982409e+01   7.6497870e+00   4.4828313e+00   1.1014369e+01   7.6550936e+00   4.4834051e+00   1.0985517e+01   7.6505798e+00   4.4825292e+00   1.1014245e+01   7.6547781e+00
   1.1018995e+01   7.5969099e+00   4.4295709e+00   1.1038168e+01   7.5956510e+00   4.4333678e+00   1.1026073e+01   7.5981864e+00   4.4285531e+00   1.1034728e+01   7.5935204e+00   4.4333361e+00   1.1031771e+01   7.5989843e+00   4.4299407e+00   1.1029634e+01   7.5908998e+00   4.4330684e+00   1.1036054e+01   7.5993020e+00   4.4310944e+00   1.1022841e+01   7.5900914e+00   4.4325644e+00   1.1038885e+01   7.5991376e+00   4.4320140e+00   1.1014304e+01   7.5928149e+00   4.4318239e+00   1.1040227e+01   7.5984897e+00
   1.1062615e+01   7.5516299e+00   4.3876733e+00   1.1030667e+01   7.5483724e+00   4.3853672e+00   1.1063049e+01   7.5492345e+00   4.3883572e+00   1.1046917e+01   7.5512080e+00   4.3840872e+00   1.1057319e+01   7.5449657e+00   4.3881320e+00   1.1057825e+01   7.5522038e+00   4.3864243e+00   1.1045097e+01   7.5446508e+00   4.3869954e+00   1.1063119e+01   7.5513475e+00   4.3878573e+00   1.1033864e+01   7.5489969e+00   4.3849451e+00   1.1062504e+01   7.5486272e+00   4.3883834e+00   1.1049204e+01   7.5515136e+00
   4.3461258e+00   1.1056103e+01   7.5070142e+00   4.3439639e+00   1.1084426e+01   7.5071264e+00   4.3471204e+00   1.1072809e+01   7.5107612e+00   4.3444688e+00   1.1071591e+01   7.5026550e+00   4.3458130e+00   1.1084505e+01   7.5098532e+00   4.3468128e+00   1.1059366e+01   7.5091186e+00   4.3421946e+00   1.1081132e+01   7.5042437e+00   4.3468605e+00   1.1079371e+01   7.5109558e+00   4.3457123e+00   1.1061396e+01   7.5058704e+00   4.3446022e+00   1.1085013e+01   7.5081192e+00   4.3471131e+00   1.1069267e+01
   4.3043015e+00   1.1102643e+01   7.4672355e+00   4.3081678e+00   1.1100761e+01   7.4736728e+00   4.3076742e+00   1.1072161e+01   7.4712050e+00   4.3041233e+00   1.1102281e+01   7.4669559e+00   4.3081320e+00   1.1101189e+01   7.4735963e+00   4.3077340e+00   1.1072262e+01   7.4714077e+00   4.3039663e+00   1.1101885e+01   7.4666276e+00   4.3080683e+00   1.1101605e+01   7.4735555e+00   4.3078154e+00   1.1073386e+01   7.4715614e+00   4.3037783e+00   1.1101479e+01   7.4663404e+00   4.3080294e+00   1.1101991e+01
   1.1138023e+01   7.6315647e+00   4.3925700e+00   1.1058904e+01   7.2947164e+00   4.1817813e+00   1.1159345e+01   7.6407934e+00   4.3915971e+00   1.1071180e+01   7.2954696e+00   4.1864759e+00   1.1141006e+01   7.6305131e+00   4.3927827e+00   1.1061325e+01   7.2941563e+00   4.1818958e+00   1.1158449e+01   7.6408043e+00   4.3912584e+00   1.1069927e+01   7.2958990e+00   4.1864588e+00   1.1143774e+01   7.6310321e+00   4.3929672e+00   1.1063544e+01   7.2935437e+00   4.1823771e+00   1.1157374e+01   7.6407577e+00
   1.1062974e+01   7.2046029e+00   4.1176399e+00   1.1173745e+01   7.7312651e+00   4.4327631e+00   1.1054839e+01   7.2110672e+00   4.1199103e+00   1.1182655e+01   7.7309928e+00   4.4351161e+00   1.1043683e+01   7.2115289e+00   4.1173701e+00   1.1192057e+01   7.7356622e+00   4.4322525e+00   1.1063866e+01   7.2032891e+00   4.1183357e+00   1.1167666e+01   7.7295502e+00   4.4335000e+00   1.1050573e+01   7.2117913e+00   4.1198244e+00   1.1186653e+01   7.7324893e+00   4.4350054e+00   1.1049399e+01   7.2107068e+00
   4.0672249e+00   1.1186412e+01   7.7996527e+00   4.4638368e+00   1.1051564e+01   7.1471507e+00   4.0667611e+00   1.1203865e+01   7.7975762e+00   4.4596772e+00   1.1036779e+01   7.1529979e+00   4.0685522e+00   1.1215798e+01   7.8099170e+00   4.4635939e+00   1.1038175e+01   7.1491716e+00   4.0650023e+00   1.1218409e+01   7.8014707e+00   4.4555021e+00   1.1056007e+01   7.1497664e+00   4.0642278e+00   1.1208820e+01   7.8086284e+00   4.4622222e+00   1.1058236e+01   7.1399153e+00   4.0645752e+00   1.1191872e+01
   4.5068818e+00   1.1047528e+01   7.0806928e+00   4.0087661e+00   1.1229019e+01   7.6077987e+00   4.3206588e+00   1.1113155e+01   7.2079588e+00   4.0868996e+00   1.1187227e+01   7.9731588e+00   4.5542778e+00   1.1031516e+01   7.0512344e+00   3.9931622e+00   1.1223848e+01   7.7345620e+00   4.4047679e+00   1.1082323e+01   7.1481261e+00   4.0518382e+00   1.1193508e+01   7.9211747e+00   4.5210311e+00   1.1042363e+01   7.0697506e+00   4.0067016e+00   1.1215511e+01   7.6199665e+00   4.3345666e+00   1.1096080e+01
   4.1210142e+00   1.1191015e+01   7.3315013e+00   4.1430432e+00   1.1184342e+01   7.3109908e+00   4.1309085e+00   1.1192014e+01   8.1047031e+00   4.6094944e+00   1.1011779e+01   6.9872732e+00   3.9418379e+00   1.1259389e+01   7.6363976e+00   4.3311036e+00   1.1102495e+01   7.1647748e+00   4.0439939e+00   1.1210182e+01   8.0091185e+00   4.5560722e+00   1.1037187e+01   7.0175699e+00   3.9587479e+00   1.1241576e+01   7.8626765e+00   4.4705740e+00   1.1068686e+01   7.0673753e+00   3.9879354e+00   1.1241358e+01
   4.1135981e+00   1.1204586e+01   8.1360040e+00   4.6228937e+00   1.0989125e+01   6.9608616e+00   3.9084449e+00   1.1294124e+01   7.5618445e+00   4.2665289e+00   1.1129912e+01   8.2478965e+00   4.6837566e+00   1.0996537e+01   6.9276194e+00   3.8874375e+00   1.1289949e+01   7.8454592e+00   4.4383654e+00   1.1081093e+01   8.3374832e+00   4.7436318e+00   1.0978368e+01   6.8976518e+00   3.8696087e+00   1.1276515e+01   7.6958308e+00   4.3489300e+00   1.1118211e+01   8.2851047e+00   4.7172547e+00   1.0973875e+01
   1.1309787e+01   7.5854791e+00   4.2589310e+00   1.1157538e+01   7.1271303e+00   1.0226549e+01   6.0939812e+00   1.0539945e+01   8.8314356e+00   9.6490474e+00   5.6311176e+00   1.0675618e+01   8.7353015e+00   4.9872491e+00   1.0884807e+01   8.5682001e+00   4.8753873e+00   1.0928982e+01   6.8198068e+00   3.8102117e+00   1.1336720e+01   7.7494967e+00   4.3581796e+00   1.1103875e+01   7.0736686e+00   3.9573207e+00   1.1270183e+01   7.3838617e+00   4.1457415e+00   1.1174338e+01   7.2172615e+00   4.0413510e+00
   7.0715836e+00   3.9421524e+00   1.1286113e+01   8.1188669e+00   4.5721722e+00   1.1047888e+01   6.9243973e+00   3.8577682e+00   1.1298851e+01   7.4425301e+00   1.0122460e+01   9.0917519e+00   5.2140039e+00   1.0814771e+01   8.6558981e+00   4.9143886e+00   1.0911352e+01   6.7785264e+00   3.7716725e+00   1.1356902e+01   7.8838731e+00   1.0001551e+01   5.8788441e+00   1.0604449e+01   8.8101060e+00   5.0199920e+00   1.0873851e+01   6.7374836e+00   3.7478250e+00   1.1369381e+01   7.7732633e+00   4.3585898e+00
   6.7662629e+00   3.7497191e+00   1.1346941e+01   7.5094978e+00   4.1869076e+00   1.1194446e+01   7.1062442e+00   3.9481707e+00   1.1288453e+01   7.2814199e+00   1.0205907e+01   9.0894406e+00   5.1893927e+00   1.0858026e+01   6.6577739e+00   3.6844776e+00   1.1362097e+01   7.7544087e+00   4.3384710e+00   1.1139444e+01   8.3923527e+00   9.8429771e+00   9.2706186e+00   9.5169316e+00   5.4918082e+00   1.0761161e+01   8.7315604e+00   4.9567700e+00   1.0928792e+01   6.7451676e+00   3.7352367e+00   1.1372224e+01
   1.1386175e+01   8.0121402e+00   4.4743835e+00   1.1092618e+01   8.4756743e+00   4.7668576e+00   1.0998715e+01   6.7929027e+00   3.7473685e+00   1.1354124e+01   7.4300080e+00   4.1194265e+00   1.1224708e+01   7.1138705e+00   3.9329090e+00   1.1279047e+01   7.2455118e+00   1.0227522e+01   9.0868326e+00   5.1716050e+00   1.0849982e+01   8.6876235e+00   9.7459808e+00   9.3237249e+00   5.3375197e+00   1.0791675e+01   6.5832855e+00   3.6276307e+00   1.1425076e+01   7.8317625e+00   4.3606496e+00   1.1134121e+01
   1.1402168e+01   7.4341163e+00   1.0187082e+01   9.1420381e+00   5.1898200e+00   1.0873556e+01   8.7034856e+00   4.9028830e+00   1.0952006e+01   6.7258374e+00   1.0403687e+01   9.0131761e+00   9.6480190e+00   5.5516566e+00   1.0740036e+01   6.4969997e+00   3.5624246e+00   1.1454730e+01   7.6950284e+00   1.0104856e+01   9.1841036e+00   5.2192370e+00   1.0865739e+01   8.7086876e+00   4.9072474e+00   1.0953238e+01   8.6377803e+00   9.7824654e+00   9.3299490e+00   9.5269167e+00   5.4629078e+00   1.0774011e+01
   3.8442343e+00   1.1337564e+01   8.2568017e+00   9.9338849e+00   5.7497218e+00   1.0702587e+01   6.4249276e+00   3.5042725e+00   1.1476516e+01   7.6766107e+00   4.2390264e+00   1.1197538e+01   6.9846563e+00   3.8262432e+00   1.1335373e+01   8.2480348e+00   4.5824230e+00   1.1058514e+01   6.8303248e+00   1.0380762e+01   9.0421242e+00   5.1106602e+00   1.0885100e+01   6.6258566e+00   3.6210055e+00   1.1409761e+01   8.0726554e+00   9.9856272e+00   5.7991132e+00   1.0699102e+01   6.4130618e+00   3.4977001e+00
   5.8202951e+00   1.0702601e+01   6.3926035e+00   3.4704721e+00   1.1463167e+01   7.9363643e+00   1.0034172e+01   5.8246843e+00   1.0702795e+01   6.3908952e+00   3.4697436e+00   1.1481808e+01   7.9322881e+00   4.3807939e+00   1.1143572e+01   6.8917111e+00   3.7591872e+00   1.1378461e+01   7.2459153e+00   3.9668297e+00   1.1272572e+01   7.1092986e+00   1.0290820e+01   6.0394326e+00   1.0634564e+01   6.3259692e+00   3.4329498e+00   1.1498875e+01   7.7430719e+00   1.0106317e+01   5.8740774e+00   1.0677788e+01
   1.1369612e+01   7.1881606e+00   3.9138282e+00   1.1319694e+01   8.3676588e+00   4.6369406e+00   1.1078634e+01   8.6247288e+00   9.8360380e+00   5.6350045e+00   1.0756347e+01   6.4299322e+00   1.0505187e+01   9.0142128e+00   9.6835572e+00   9.4173094e+00   5.3334573e+00   1.0855397e+01   6.5228280e+00   3.5290402e+00   1.1459880e+01   8.1117653e+00   4.4770439e+00   1.1129302e+01   6.8254702e+00   1.0407983e+01   6.1014444e+00   1.0608961e+01   6.2958968e+00   1.0557905e+01   6.2379262e+00   3.3671099e+00
   7.9057459e+00   1.0076032e+01   9.2541929e+00   5.2033925e+00   1.0907954e+01   6.5489128e+00   3.5284253e+00   1.1475900e+01   8.1795693e+00   1.0002992e+01   5.7391063e+00   1.0729644e+01   6.3832461e+00   1.0534765e+01   6.2049679e+00   1.0602730e+01   6.2501250e+00   3.3588926e+00   1.1546953e+01   7.9887545e+00   4.3761267e+00   1.1170337e+01   6.8483597e+00   3.7001997e+00   1.1372483e+01   7.2069525e+00   3.9088009e+00   1.1325404e+01   8.4087626e+00   4.6384660e+00   1.1060717e+01   6.7430765e+00
   3.7200648e+00   1.1406815e+01   7.1472353e+00   3.8623374e+00   1.1347786e+01   7.0664444e+00   1.0361626e+01   6.0183354e+00   1.0659681e+01   6.2939296e+00   3.3678140e+00   1.1518592e+01   7.4540373e+00   4.0397552e+00   1.1269245e+01   6.9768741e+00   3.7594668e+00   1.1392146e+01   8.3686008e+00   9.9550851e+00   9.3528499e+00   5.2475611e+00   1.0878634e+01   6.5150639e+00   1.0510193e+01   6.1575172e+00   3.2906440e+00   1.1579968e+01   7.9844541e+00   4.3544867e+00   1.1175388e+01   6.8359534e+00
   1.1422612e+01   7.1333901e+00   3.8364963e+00   1.1367921e+01   7.0438165e+00   1.0384249e+01   6.0099055e+00   3.1915484e+00   1.1591731e+01   7.8923012e+00   4.2905934e+00   1.1204160e+01   6.8361516e+00   3.6643083e+00   1.1418364e+01   7.1507050e+00   3.8435892e+00   1.1363299e+01   7.0435304e+00   3.7811655e+00   1.1386170e+01   8.4110421e+00   4.6161250e+00   1.1095763e+01   6.7159990e+00   1.0473549e+01   9.0973923e+00   9.7061131e+00   9.4714402e+00   9.5711514e+00   5.3855356e+00   1.0868649e+01
   1.0934203e+01   6.5222579e+00   1.0526898e+01   6.1341596e+00   1.0651144e+01   6.2326216e+00   3.3023319e+00   1.1554751e+01   8.1755028e+00   1.0033315e+01   5.7224851e+00   1.0784145e+01   6.3504770e+00   1.0601752e+01   6.1779384e+00   3.2712812e+00   1.1589586e+01   7.4258287e+00   1.0282714e+01   5.9027411e+00   3.1165676e+00   1.1624173e+01   7.7406406e+00   4.1831556e+00   1.1252215e+01   8.5959094e+00   4.7097945e+00   1.1075151e+01   6.6631574e+00   3.5478798e+00   1.1476141e+01   7.1902357e+00
   3.8055983e+00   1.1358282e+01   7.0099731e+00   1.0398466e+01   6.0030220e+00   3.1570722e+00   1.1629289e+01   7.4922170e+00   4.0188347e+00   1.1284592e+01   6.9095701e+00   1.0428560e+01   6.0279791e+00   3.1711417e+00   1.1618238e+01   7.4707585e+00   1.0265594e+01   5.8858234e+00   3.0911953e+00   1.1669820e+01   7.6198583e+00   1.0238701e+01   5.8448243e+00   3.0688198e+00   1.1638888e+01   7.6652284e+00   1.0204838e+01   5.8384512e+00   3.0642984e+00   1.1682939e+01   7.7026245e+00   1.0212114e+01
   7.1990464e+00   1.0357011e+01   9.2199207e+00   5.0902880e+00   1.0992463e+01   6.5077943e+00   3.4276504e+00   1.1517880e+01   7.1943977e+00   1.0374839e+01   5.9463815e+00   3.1095385e+00   1.1631769e+01   7.4787353e+00   1.0282843e+01   5.8763047e+00   3.0701531e+00   1.1660595e+01   7.5296538e+00   1.0258008e+01   5.8622446e+00   3.0625217e+00   1.1682251e+01   8.0520001e+00   1.0115167e+01   5.7346771e+00   2.9912930e+00   1.1686189e+01   7.7521838e+00   1.0198567e+01   5.8069904e+00   3.0311411e+00
   5.9064411e+00   1.0761619e+01   6.2628319e+00   3.2728670e+00   1.1592493e+01   8.3132099e+00   1.0042383e+01   5.6627423e+00   2.9354628e+00   1.1722105e+01   7.8983230e+00   1.0172458e+01   5.7597628e+00   2.9891348e+00   1.1688393e+01   8.0450875e+00   1.0110221e+01   5.7288298e+00   2.9721074e+00   1.1723286e+01   8.0111432e+00   4.2896867e+00   1.1222886e+01   6.7512886e+00   1.0510644e+01   6.0460183e+00   3.1504023e+00   1.1635625e+01   8.2153589e+00   4.4267016e+00   1.1185682e+01   6.7069846e+00
   1.1761500e+01   7.8871493e+00   4.2031836e+00   1.1265429e+01   6.7676394e+00   1.0510728e+01   6.0302441e+00   3.1263866e+00   1.1633547e+01   7.3330885e+00   3.8720088e+00   1.1387456e+01   6.8924591e+00   3.6170573e+00   1.1472748e+01   7.0077430e+00   3.6850771e+00   1.1445989e+01   6.9800744e+00   3.6663645e+00   1.1444064e+01   6.9913994e+00   3.6732430e+00   1.1427977e+01   8.5407782e+00   4.6026856e+00   1.1155882e+01   6.6280683e+00   1.0565950e+01   6.0593290e+00   3.1430976e+00   1.1611456e+01
   6.3977200e+00   1.0648499e+01   6.1122256e+00   1.0731134e+01   9.1016444e+00   4.9507605e+00   1.1058592e+01   6.4996288e+00   1.0618467e+01   6.0861994e+00   1.0738317e+01   6.1915716e+00   3.2016706e+00   1.1595441e+01   8.3624458e+00   1.0044751e+01   9.4270700e+00   9.6756448e+00   9.5768859e+00   5.2830984e+00   1.0950590e+01   6.4011616e+00   1.0624173e+01   6.1082359e+00   3.1549474e+00   1.1644145e+01   8.3228990e+00   4.4614513e+00   1.1190224e+01   6.6525120e+00   3.4646866e+00   1.1504414e+01
   1.1449841e+01   6.9508005e+00   3.6197727e+00   1.1480285e+01   8.5730397e+00   4.5975347e+00   1.1164217e+01   8.8425817e+00   9.9131919e+00   5.5014208e+00   2.8005465e+00   1.1775192e+01   8.0698975e+00   4.2814617e+00   1.1272781e+01   8.7561866e+00   9.9386392e+00   5.5259983e+00   2.8131461e+00   1.1787701e+01   7.5584124e+00   1.0324115e+01   5.8132126e+00   2.9738041e+00   1.1719004e+01   8.2602816e+00   1.0101695e+01   9.4234203e+00   5.1565190e+00   1.1012416e+01   6.4273531e+00   3.3198655e+00
   3.0304344e+00   1.1692329e+01   7.2639212e+00   3.7856363e+00   1.1425232e+01   8.6568439e+00   9.9788889e+00   9.4829127e+00   9.6825932e+00   9.6066288e+00   9.6374303e+00   5.2928178e+00   2.6671925e+00   1.1843254e+01   7.8040443e+00   1.0260120e+01   9.3825957e+00   9.7415765e+00   9.6039251e+00   9.6577557e+00   5.3006594e+00   1.0979484e+01   8.9984387e+00   9.8782973e+00   9.5485919e+00   5.2239649e+00   1.1001699e+01   8.9843132e+00   9.8832029e+00   5.4617342e+00   1.0935730e+01   9.0262917e+00
   1.1295188e+01   8.7955847e+00   9.9485506e+00   5.5022753e+00   2.7689596e+00   1.1798631e+01   8.2044614e+00   4.3274872e+00   1.1273265e+01   6.6475157e+00   3.4139841e+00   1.1544649e+01   8.5651950e+00   1.0017425e+01   9.4871617e+00   5.1678597e+00   1.1002530e+01   6.3888124e+00   3.2675002e+00   1.1575000e+01   8.5100965e+00   4.5159817e+00   1.1194548e+01   8.8634301e+00   4.7474089e+00   1.1132488e+01   6.5150437e+00   1.0629970e+01   6.0495160e+00   1.0772054e+01   9.1403410e+00   9.8416130e+00
   6.1072027e+00   3.0923696e+00   1.1681040e+01   8.4550751e+00   4.4778919e+00   1.1238343e+01   8.8728310e+00   9.9513976e+00   5.4753432e+00   2.7396172e+00   1.1823506e+01   8.2390557e+00   1.0153303e+01   9.4606043e+00   5.1283782e+00   1.1049080e+01   8.9878365e+00   9.8997028e+00   9.5602311e+00   5.2002399e+00   2.5852434e+00   1.1885902e+01   8.0413761e+00   1.0216318e+01   5.6717881e+00   1.0898860e+01   9.0871085e+00   9.8724811e+00   5.4217613e+00   2.7091383e+00   1.1835340e+01   8.2131835e+00
   9.3911666e+00   5.0617705e+00   2.4935144e+00   1.1894292e+01   7.9756057e+00   4.1628365e+00   1.1319838e+01   6.6663369e+00   3.3941107e+00   1.1576319e+01   8.6124378e+00   4.5543951e+00   1.1223635e+01   6.5398886e+00   1.0667773e+01   6.0183265e+00   3.0268845e+00   1.1709560e+01   8.4600495e+00   4.4658096e+00   1.1253473e+01   6.5690978e+00   1.0657140e+01   6.0083601e+00   3.0213478e+00   1.1711742e+01   8.4638184e+00   1.0094012e+01   5.5675469e+00   2.7752900e+00   1.1768660e+01   7.3211518e+00
   2.4161823e+00   1.1965428e+01   7.9176008e+00   1.0268176e+01   9.4314773e+00   5.0790358e+00   1.1055360e+01   9.0268949e+00   9.9195492e+00   5.4178471e+00   2.6767511e+00   1.1845448e+01   7.3525107e+00   3.7744453e+00   1.1451218e+01   6.7784090e+00   1.0611800e+01   9.2909334e+00   4.9756186e+00   2.4306965e+00   1.1937733e+01   7.7098463e+00   3.9882629e+00   1.1391358e+01   8.8025066e+00   9.9852716e+00   5.4774449e+00   1.0952770e+01   9.0945496e+00   9.8997063e+00   9.6026528e+00   5.1918332e+00
   1.0747758e+01   9.2334800e+00   4.9222765e+00   2.3867554e+00   1.1977030e+01   8.0469464e+00   4.1676444e+00   1.1351257e+01   6.6287693e+00   3.3413520e+00   1.1601656e+01   8.6527199e+00   1.0067721e+01   5.5042215e+00   2.7102092e+00   1.1807031e+01   7.2731882e+00   1.0472678e+01   9.3721449e+00   9.8215435e+00   5.3269261e+00   1.1027442e+01   6.2994050e+00   3.1546547e+00   1.1666217e+01   8.5884947e+00   4.5057888e+00   1.1241551e+01   8.9349039e+00   9.9555817e+00   9.5847309e+00   9.7319201e+00
   1.1091507e+01   6.3403400e+00   1.0732906e+01   9.2535818e+00   4.9204888e+00   2.3709599e+00   1.1974271e+01   8.1426882e+00   1.0219802e+01   5.6204997e+00   1.0947006e+01   9.1500266e+00   9.9171369e+00   5.3767635e+00   1.1025307e+01   9.1045617e+00   4.8193329e+00   2.3165233e+00   1.1974865e+01   8.0337007e+00   1.0269082e+01   5.6399275e+00   2.7687576e+00   1.1784715e+01   7.1925520e+00   3.6489620e+00   1.1489015e+01   8.7681566e+00   1.0034234e+01   9.5791050e+00   9.7589830e+00   9.6928977e+00
   8.4754275e+00   1.0151596e+01   9.5558723e+00   9.7877190e+00   9.6988665e+00   5.2066046e+00   1.1065390e+01   9.0926241e+00   4.7991688e+00   2.2889577e+00   1.2021711e+01   7.6074093e+00   1.0404959e+01   9.4251234e+00   5.0234993e+00   2.4138891e+00   1.1930385e+01   8.2752079e+00   4.2754022e+00   1.1320458e+01   8.9321022e+00   4.6874425e+00   2.2261692e+00   1.2052932e+01   7.7821433e+00   1.0356512e+01   5.6941084e+00   1.0922224e+01   9.1743960e+00   9.9175542e+00   9.6468749e+00   5.1694620e+00
   2.3302727e+00   1.1992283e+01   7.4508066e+00   3.7711346e+00   1.1489204e+01   8.8364106e+00   4.6164589e+00   1.1228881e+01   6.4412195e+00   3.1890124e+00   1.1669968e+01   6.9165970e+00   1.0600694e+01   5.8824604e+00   1.0906510e+01   9.2187597e+00   4.8578164e+00   2.3047107e+00   1.2004709e+01   8.2280496e+00   1.0239821e+01   5.5793203e+00   2.7059164e+00   1.1844886e+01   7.1512127e+00   3.5967600e+00   1.1551076e+01   8.7881115e+00   4.5897082e+00   2.1588454e+00   1.2050750e+01   7.9074245e+00
   5.4036811e+00   2.5923635e+00   1.1889403e+01   8.4847934e+00   1.0166652e+01   9.5643543e+00   5.0814181e+00   2.4157761e+00   1.1954427e+01   8.3810845e+00   1.0207186e+01   9.5647919e+00   5.0771647e+00   1.1114755e+01   6.3045785e+00   3.0960510e+00   1.1712500e+01   8.6771545e+00   4.5016195e+00   2.0947865e+00   1.2071140e+01   7.9141657e+00   1.0342900e+01   5.6430479e+00   2.7247367e+00   1.1837917e+01   8.5441543e+00   4.4172459e+00   1.1317205e+01   6.4894338e+00   1.0730507e+01   9.3168330e+00
   8.6058860e+00   1.0154399e+01   9.6079676e+00   5.0887934e+00   1.1134501e+01   6.2919503e+00   3.0734120e+00   1.1726953e+01   8.6935318e+00   4.4973500e+00   1.1283010e+01   9.0251882e+00   1.0008146e+01   5.3738778e+00   1.1067242e+01   6.2226791e+00   1.0824841e+01   9.2854501e+00   4.8774362e+00   1.1194083e+01   6.3465250e+00   3.1043707e+00   1.1679707e+01   8.7168352e+00   4.4981508e+00   2.0781470e+00   1.2110914e+01   8.1080186e+00   1.0291825e+01   5.5943608e+00   2.6830309e+00   1.1831181e+01
   2.7398169e+00   1.1842594e+01   8.6135306e+00   1.0160850e+01   5.4675738e+00   2.5976502e+00   1.1869961e+01   7.1132480e+00   3.5245017e+00   1.1560119e+01   6.7271466e+00   1.0711739e+01   9.3779252e+00   4.9136316e+00   2.2900646e+00   1.1968692e+01   8.4084584e+00   1.0225724e+01   5.5107657e+00   2.6214752e+00   1.1883919e+01   8.5669168e+00   1.0170588e+01   5.4782529e+00   2.6033280e+00   1.1851052e+01   8.5704994e+00   1.0173564e+01   9.6136709e+00   5.0760009e+00   2.3809552e+00   1.1935413e+01
   3.2314262e+00   1.1689619e+01   6.8033990e+00   3.3318672e+00   1.1656842e+01   6.7714114e+00   3.3137873e+00   1.1656089e+01   6.7807613e+00   1.0695168e+01   9.3984985e+00   4.9128852e+00   1.1212953e+01   9.1204501e+00   4.7345649e+00   2.1784962e+00   1.2028559e+01   7.3586410e+00   1.0549385e+01   5.7380170e+00   2.7316260e+00   1.1808999e+01   8.6532953e+00   4.4240224e+00   2.0086802e+00   1.2111907e+01   8.2177157e+00   4.1596361e+00   1.1413370e+01   6.5093026e+00   1.0778056e+01   9.3501926e+00
   8.6224527e+00   4.3950795e+00   1.9770043e+00   1.2134254e+01   8.2549790e+00   4.1734880e+00   1.8546254e+00   1.2213354e+01   7.7653125e+00   1.0426924e+01   5.6451828e+00   1.1026575e+01   6.1223759e+00   2.9319294e+00   1.1782484e+01   6.9002523e+00   1.0683754e+01   5.8302272e+00   1.0963093e+01   9.2859160e+00   4.8196296e+00   2.2084741e+00   1.2008483e+01   8.4527202e+00   4.2848906e+00   1.9173425e+00   1.2175545e+01   7.6003178e+00   1.0468660e+01   5.6813846e+00   1.1018411e+01   6.1134770e+00
   8.7699549e+00   4.4645379e+00   2.0004995e+00   1.2132513e+01   8.3470687e+00   4.2150933e+00   1.8617648e+00   1.2181438e+01   8.1955061e+00   4.1207902e+00   1.8107041e+00   1.2227185e+01   8.0998232e+00   4.0544286e+00   1.7762561e+00   1.2216680e+01   7.8565568e+00   3.9155309e+00   1.1504780e+01   8.9899189e+00   4.6088570e+00   1.1286760e+01   6.3581740e+00   1.0846196e+01   5.9449501e+00   2.8169831e+00   1.1824800e+01   8.7320716e+00   4.4473992e+00   1.9906418e+00   1.2137363e+01   8.3441777e+00
   7.9922997e+00   3.9775763e+00   1.7182223e+00   1.2237885e+01   7.9860234e+00   3.9783045e+00   1.7175542e+00   1.2269439e+01   7.9855449e+00   3.9755535e+00   1.7150086e+00   1.2274526e+01   7.9921435e+00   3.9746329e+00   1.7174553e+00   1.2249692e+01   7.9915242e+00   3.9780437e+00   1.7182351e+00   1.2247156e+01   7.9835888e+00   3.9779883e+00   1.7171442e+00   1.2273015e+01   7.9876591e+00   3.9744501e+00   1.7155728e+00   1.2271670e+01   7.9926379e+00   3.9757043e+00   1.7177942e+00   1.2239555e+01
   1.2288984e+01   7.8521291e+00   3.8810988e+00   1.6483867e+00   1.2304520e+01   7.8587108e+00   3.8790891e+00   1.6504657e+00   1.2301739e+01   7.8607113e+00   3.8826202e+00   1.6515094e+00   1.2278705e+01   7.8580841e+00   3.8839208e+00   1.6513490e+00   1.2269238e+01   7.8507840e+00   3.8829813e+00   1.6499794e+00   1.2296050e+01   7.8548142e+00   3.8797929e+00   1.6490986e+00   1.2305718e+01   7.8598833e+00   3.8805054e+00   1.6509445e+00   1.2296452e+01   7.8603557e+00   3.8832987e+00   1.6515899e+00
   3.8198509e+00   1.6006930e+00   1.2309834e+01   7.7738425e+00   3.8159995e+00   1.5995320e+00   1.2324749e+01   7.7797650e+00   3.8182073e+00   1.6015888e+00   1.2306949e+01   7.7779303e+00   3.8203401e+00   1.6016074e+00   1.2288059e+01   7.7682457e+00   3.8186774e+00   1.5995773e+00   1.2319916e+01   7.7773062e+00   3.8152751e+00   1.6006562e+00   1.2321422e+01   7.7799383e+00   3.8195788e+00   1.6018468e+00   1.2288322e+01   7.7747699e+00   3.8200966e+00   1.6009936e+00   1.2305089e+01   7.7723118e+00
   7.6396382e+00   3.7197454e+00   1.5331096e+00   1.2355074e+01   7.8098696e+00   3.8203102e+00   1.5876157e+00   1.2295098e+01   7.6342591e+00   3.7181179e+00   1.5315113e+00   1.2350411e+01   7.8067098e+00   3.8165004e+00   1.5863984e+00   1.2282095e+01   7.6322102e+00   3.7214036e+00   1.5316125e+00   1.2329258e+01   7.7993769e+00   3.8200401e+00   1.5850673e+00   1.2311754e+01   7.6385541e+00   3.7226579e+00   1.5331228e+00   1.2313793e+01   7.8048223e+00   3.8221533e+00   1.5870469e+00   1.2321975e+01
   1.2387196e+01   7.9784322e+00   3.9030037e+00   1.6180923e+00   1.2290470e+01   7.4884951e+00   3.6195818e+00   1.4616180e+00   1.2370004e+01   7.9787785e+00   3.9059648e+00   1.6188267e+00   1.2264657e+01   7.4812122e+00   3.6174942e+00   1.4596406e+00   1.2338975e+01   7.9745084e+00   3.9067237e+00   1.6183725e+00   1.2264958e+01   7.4869008e+00   3.6145525e+00   1.4612658e+00   1.2371137e+01   7.9666719e+00   3.9053260e+00   1.6167554e+00   1.2289169e+01   7.4911340e+00   3.6181818e+00   1.4623752e+00
   7.4854377e+00   3.5988060e+00   1.4370674e+00   1.2388354e+01   7.7055784e+00   3.7288079e+00   1.5070470e+00   1.2348511e+01   7.5620375e+00   3.6443051e+00   1.4612408e+00   1.2323573e+01   8.2066724e+00   4.0272234e+00   1.6698581e+00   1.2265980e+01   7.3680469e+00   3.5336621e+00   1.3997832e+00   1.2409382e+01   7.9931598e+00   3.8968140e+00   1.5993378e+00   1.2250783e+01   7.4329611e+00   3.5699474e+00   1.4209110e+00   1.2386308e+01   8.0994960e+00   3.9690504e+00   1.6367336e+00   1.2272623e+01
   1.2383224e+01   8.1271558e+00   3.9633776e+00   1.1544580e+01   9.1164907e+00   4.5830210e+00   1.1390306e+01   9.2136394e+00   1.0096775e+01   5.2491383e+00   2.3233270e+00   1.1983727e+01   6.9539609e+00   1.0771607e+01   9.5298177e+00   4.8451478e+00   2.1026824e+00   1.2097901e+01   8.6894804e+00   4.3138710e+00   1.8108099e+00   1.2192029e+01   8.5746987e+00   4.2340859e+00   1.7656657e+00   1.2184633e+01   7.2388378e+00   3.4406495e+00   1.3364320e+00   1.2394658e+01   7.8893683e+00   3.8243788e+00
   3.6604324e+00   1.4404069e+00   1.2368477e+01   7.4802446e+00   3.5666681e+00   1.3881622e+00   1.2396025e+01   8.2970005e+00   4.0559904e+00   1.6539109e+00   1.2268291e+01   8.5225102e+00   4.1951717e+00   1.1498434e+01   6.3552812e+00   1.0912491e+01   5.8613676e+00   1.1066664e+01   5.9654563e+00   2.7056734e+00   1.1899156e+01   8.9003890e+00   4.4170707e+00   1.8538491e+00   1.2170534e+01   7.1443366e+00   3.3709717e+00   1.2836984e+00   1.2428725e+01   7.8142910e+00   3.7636999e+00   1.4951516e+00
   8.8160798e+00   4.3463072e+00   1.8002255e+00   1.2197037e+01   7.1372556e+00   3.3527178e+00   1.2582018e+00   1.2436740e+01   8.1952454e+00   3.9754364e+00   1.5957175e+00   1.2275192e+01   7.2774217e+00   3.4325445e+00   1.3009466e+00   1.2404247e+01   8.2802477e+00   4.0208999e+00   1.6218317e+00   1.2241560e+01   7.2562981e+00   3.4198566e+00   1.2946543e+00   1.2434672e+01   7.6064154e+00   3.6249067e+00   1.4046989e+00   1.2328551e+01   7.4410251e+00   3.5280297e+00   1.1663466e+01   9.0836176e+00
   1.7562981e+00   1.2213410e+01   7.1365472e+00   3.3365930e+00   1.2332520e+00   1.2440965e+01   8.2795724e+00   4.0037516e+00   1.1556017e+01   9.1757377e+00   1.0161942e+01   9.8319743e+00   5.0002626e+00   2.1420251e+00   1.2096353e+01   6.9434543e+00   3.2280029e+00   1.1745583e+00   1.2496724e+01   7.7540103e+00   1.0581747e+01   5.5466282e+00   2.4423142e+00   1.1991659e+01   6.8341055e+00   3.1638489e+00   1.1793101e+01   9.0227270e+00   4.4767172e+00   1.8548585e+00   1.2192862e+01   7.0777336e+00
   3.4444117e+00   1.2783098e+00   1.2427375e+01   8.4128941e+00   1.0407968e+01   5.3980886e+00   2.3458339e+00   1.2033506e+01   6.8455681e+00   1.0819952e+01   5.7281379e+00   1.1129495e+01   5.9595499e+00   1.1076850e+01   9.4638312e+00   4.7318252e+00   1.9806775e+00   1.2133284e+01   6.9907839e+00   3.2372262e+00   1.1654554e+00   1.2494227e+01   8.2648368e+00   3.9896151e+00   1.5724854e+00   1.2276772e+01   8.6169917e+00   4.1940824e+00   1.1513846e+01   6.3143953e+00   1.0986588e+01   5.8370635e+00
   4.5424283e+00   1.8588815e+00   1.2193850e+01   8.7608926e+00   4.2724432e+00   1.7132504e+00   1.2243360e+01   8.7088279e+00   1.0337561e+01   5.3271133e+00   2.2913380e+00   1.2056906e+01   6.8423039e+00   3.1387113e+00   1.0941750e+00   1.2498391e+01   7.6306130e+00   3.5935049e+00   1.1669144e+01   9.1473947e+00   4.5157262e+00   1.1427080e+01   6.2204786e+00   2.7871753e+00   1.1889607e+01   6.6813892e+00   3.0467205e+00   1.0457027e+00   1.2534672e+01   8.1308089e+00   1.0509531e+01   5.4449144e+00
   4.2314108e+00   1.1517465e+01   6.2774639e+00   2.8038594e+00   1.1891246e+01   9.0230340e+00   4.4195373e+00   1.7771113e+00   1.2201777e+01   8.7684242e+00   4.2528789e+00   1.1521051e+01   6.2697501e+00   1.0991472e+01   9.5275729e+00   4.7469677e+00   1.1379590e+01   9.3386737e+00   1.0165154e+01   5.1790000e+00   2.1952409e+00   1.2061068e+01   6.8602459e+00   3.1326761e+00   1.1806935e+01   6.5592444e+00   2.9625854e+00   9.8378368e-01   1.2557858e+01   7.7747502e+00   1.0619713e+01   9.6949139e+00
   1.1651401e+01   6.3789926e+00   2.8455844e+00   9.0581666e-01   1.2634909e+01   7.9885102e+00   3.7655187e+00   1.1666075e+01   6.3798986e+00   2.8462336e+00   9.0692862e-01   1.2626147e+01   7.9815826e+00   3.7690998e+00   1.1668156e+01   6.3778698e+00   2.8453458e+00   9.0721053e-01   1.2602147e+01   7.9842513e+00   3.7712934e+00   1.1658527e+01   6.3729179e+00   2.8429259e+00   9.0666481e-01   1.2591375e+01   7.9899620e+00   3.7716071e+00   1.1637993e+01   6.3738090e+00   2.8426555e+00   9.0529465e-01
   2.7658654e+00   8.4759875e-01   1.2656220e+01   8.0332570e+00   3.7823967e+00   1.1673901e+01   6.3618648e+00   2.8208702e+00   8.7846550e-01   1.2631209e+01   7.7360925e+00   3.6046221e+00   1.3042823e+00   1.2374987e+01   8.6441173e+00   4.1456996e+00   1.1573150e+01   6.2705642e+00   2.7701567e+00   8.5177127e-01   1.2605057e+01   7.8768811e+00   3.6903978e+00   1.3497978e+00   1.2382679e+01   8.6562898e+00   4.1621272e+00   1.6063492e+00   1.2260970e+01   7.0477259e+00   3.2077225e+00   1.1792639e+01
   6.4695121e+00   2.8663603e+00   8.8945898e-01   1.2567254e+01   7.5532586e+00   3.4841420e+00   1.1754289e+01   6.4159739e+00   2.8363163e+00   1.1931296e+01   9.0823831e+00   4.4102441e+00   1.1516862e+01   6.1989797e+00   2.7139762e+00   8.0435310e-01   1.2669661e+01   8.1668330e+00   3.8419828e+00   1.1656070e+01   6.3328112e+00   2.7889956e+00   8.4525710e-01   1.2600455e+01   8.2928422e+00   3.9205603e+00   1.1642527e+01   6.3112998e+00   2.7776262e+00   8.4087719e-01   1.2638829e+01   7.6663628e+00
   2.7345279e+00   8.0084338e-01   1.2624197e+01   7.6079117e+00   3.4984178e+00   1.1764133e+01   6.4010905e+00   2.8124088e+00   8.4450842e-01   1.2612240e+01   7.5344126e+00   3.4554307e+00   1.1936291e+00   1.2394873e+01   7.2032051e+00   1.0823667e+01   9.6760251e+00   4.7764356e+00   1.9147485e+00   1.2195836e+01   8.8997599e+00   1.0334849e+01   9.8741305e+00   1.0046657e+01   5.0269672e+00   1.1379623e+01   6.0505094e+00   2.6158802e+00   7.3650691e-01   1.2680463e+01   7.8293845e+00   1.0651021e+01
   1.8418982e+00   1.2218313e+01   8.9181871e+00   1.0358261e+01   9.8662927e+00   4.8935430e+00   1.9637828e+00   1.2152783e+01   6.8309239e+00   1.0931934e+01   5.6573479e+00   1.1228694e+01   5.8999398e+00   2.5162929e+00   6.6828470e-01   1.2696455e+01   7.9340144e+00   3.6776223e+00   1.2974830e+00   1.2386586e+01   7.1110945e+00   3.1978805e+00   1.1852289e+01   6.4647835e+00   2.8327025e+00   1.1923350e+01   6.5644215e+00   2.8884383e+00   8.6956800e-01   1.2588823e+01   8.5004953e+00   1.0469484e+01
   6.6952595e+00   2.9467943e+00   1.1900070e+01   9.1658100e+00   4.4064303e+00   1.6785024e+00   1.2244685e+01   6.9126034e+00   3.0696319e+00   1.1893853e+01   9.1806715e+00   4.4190690e+00   1.1540392e+01   6.1579927e+00   1.1114457e+01   5.7836411e+00   2.4366656e+00   6.1209020e-01   1.2716810e+01   8.0744419e+00   3.7434271e+00   1.1718668e+01   6.3139489e+00   1.1068567e+01   5.7587319e+00   1.1206071e+01   5.8732134e+00   2.4871812e+00   1.2048568e+01   9.0722560e+00   4.3558597e+00   1.1547999e+01
   5.7992179e+00   2.4297068e+00   5.9208919e-01   1.2746348e+01   7.6893580e+00   1.0725942e+01   5.4696961e+00   2.2474195e+00   1.2120360e+01   6.6918501e+00   1.0990066e+01   5.6695017e+00   2.3580491e+00   5.5156465e-01   1.2789720e+01   8.0686899e+00   3.7189230e+00   1.1699010e+01   9.3014274e+00   4.4802146e+00   1.1543011e+01   6.1339273e+00   2.6170762e+00   6.9321301e-01   1.2672763e+01   7.4863459e+00   3.3820873e+00   1.1791110e+01   6.3890897e+00   1.1060384e+01   5.7279304e+00   1.1224565e+01
   1.2552305e+01   7.2245146e+00   1.0851399e+01   5.5561139e+00   2.2805707e+00   4.9517708e-01   1.2811982e+01   8.0640062e+00   3.7104888e+00   1.1738444e+01   9.3019074e+00   4.4729375e+00   1.6866783e+00   1.2244499e+01   8.9497218e+00   1.0395189e+01   5.2004834e+00   2.0861237e+00   1.2158719e+01   6.7278663e+00   1.0995754e+01   5.6476241e+00   1.1264153e+01   9.5521502e+00   1.0192578e+01   9.9898664e+00   4.9192978e+00   1.9310019e+00   1.2215794e+01   6.7714825e+00   1.0981661e+01   5.6427281e+00
   5.1847384e+00   2.0620906e+00   1.2155585e+01   6.7177936e+00   2.9133175e+00   8.2356605e-01   1.2589779e+01   7.2414489e+00   3.2112584e+00   9.8412272e-01   1.2515999e+01   7.1345498e+00   3.1512368e+00   9.5117913e-01   1.2519005e+01   8.7411992e+00   1.0463082e+01   5.2300622e+00   1.1377719e+01   5.9487879e+00   2.4830906e+00   5.8998737e-01   1.2700299e+01   8.5081704e+00   1.0525850e+01   5.2814949e+00   2.1129655e+00   1.2166181e+01   6.6970772e+00   2.9017745e+00   1.1946883e+01   6.4746520e+00
